20140611
20140326
20141109
20141004
20150304
20150209
20140716
20140518
20140213
20140629
20140314
20140427
20150405
20150508
20150502
20141017
20140608
20141110
20140602
20141213
20140406
20150119
20140926
20141219
20150424
20150228
20141025
20150222
20140630
20141122
20141221
20150121
20140813
20140914
20140919
20140913
20150322
20140730
20141022
20150328
20140207
20150114
20141214
20140921
20150423
20141010
20140702
20141117
20140708
20150402
20150408
20140624
20140723
20141031
20150430
20140412
20150107
20140125
20150204
20150309
20140616
20140321
20141003
20140711
20140121
20141203
20140511
20150109
20140416
20140618
20150307
20140715
20150131
20140803
20141231
20150501
20140809
20140317
20140727
20140620
20140210
20140405
20140925
20141210
20150110
20140502
20150213
20140601
20140706
20150314
20141119
20150128
20140917
20150122
20140810
20140530
20141222
20141121
20150221
20141026
20140209
20140309
20141126
20150321
20140910
20140430
20140817
20150125
20140606
20150319
20150214
20141114
20141019
20150313
20140701
20150420
20140402
20141217
20140505
20150117
20140825
20140310
20140720
20140627
20140804
20150506
20150401
20140423
20140903
20140712
20140322
20140328
20140718
20150207
20140615
20141107
20140806
20150504
20140312
20141030
20140625
20140318
20140514
20141206
20140413
20150302
20140320
20141008
20141105
20150308
20140912
20150410
20140815
20150329
20150224
20141124
20141029
20140731
20150422
20140920
20140507
20140827
20141215
20141116
20140604
20140709
20150216
20141011
20150311
20150211
20141016
20150118
20140407
20140927
20141218
20140820
20150112
20141212
20141123
20141024
20140915
20150510
20141220
20141108
20141005
20141102
20150202
20141201
20140628
20140725
20140622
20140521
20140801
20150503
20150404
20150509
20140906
20140426
20140216
20140428
20150206
20140719
20140614
20140329
20140713
20150301
20141001
20141205
20140517
20140127
20150320
20150227
20140308
20140816
20150124
20141224
20141012
20140330
20140607
20150215
20141115
20141018
20140504
20140929
20140409
20150116
20140824
20140923
20140823
20150111
20140503
20140404
20150218
20140707
20150315
20141015
20141112
20150123
20140531
20150129
20140208
20150327
20141120
20150220
20141208
20140417
20140510
20150102
20140613
20150201
20141101
20150306
20140714
20140905
20140528
20140808
20140118
20150130
20140802
20140621
20140726
